-145.0 -193.0 
-142.0 -192.0 
-137.0 -191.0 
-136.0 -196.0 
-139.0 -205.0 
-141.0 -199.0 
-144.0 -193.0 
-129.0 -217.0 
-128.0 -219.0 
-126.0 -219.0 
-125.0 -217.0 
-127.0 -217.0 
-128.0 -217.0 
-128.0 -217.0 
-156.0 -230.0 
-155.0 -228.0 
-154.0 -228.0 
-153.0 -232.0 
-155.0 -230.0 
-155.0 -230.0 
-155.0 -230.0 
-58.0 -251.0 
-58.0 -252.0 
-57.0 -254.0 
-55.0 -253.0 
-55.0 -251.0 
-57.0 -251.0 
-57.0 -254.0 
-18.0 185.0 
-18.0 185.0 
-18.0 185.0 
-18.0 185.0 
-18.0 185.0 
-18.0 185.0 
-18.0 185.0 
-19.0 180.0 
-20.0 180.0 
-22.0 181.0 
-22.0 179.0 
-20.0 179.0 
-20.0 181.0 
-20.0 181.0 
-25.0 175.0 
-25.0 173.0 
-25.0 174.0 
-24.0 174.0 
-27.0 174.0 
-29.0 169.0 
-24.0 173.0 
-35.0 169.0 
-34.0 169.0 
-36.0 168.0 
-35.0 168.0 
-33.0 168.0 
-36.0 170.0 
-34.0 170.0 
-27.0 166.0 
-27.0 165.0 
-27.0 165.0 
-27.0 165.0 
-27.0 165.0 
-27.0 165.0 
-27.0 165.0 
-25.0 171.0 
-25.0 171.0 
-25.0 171.0 
-26.0 171.0 
-25.0 168.0 
-24.0 172.0 
-26.0 173.0 
-40.0 168.0 
-40.0 168.0 
-40.0 168.0 
-40.0 168.0 
-40.0 168.0 
-40.0 168.0 
-40.0 168.0 
-34.0 169.0 
-34.0 169.0 
-34.0 169.0 
-34.0 169.0 
-34.0 169.0 
-34.0 169.0 
-34.0 169.0 
-31.0 173.0 
-31.0 173.0 
-31.0 173.0 
-31.0 173.0 
-31.0 173.0 
-31.0 173.0 
-31.0 173.0 
-27.0 175.0 
-27.0 175.0 
-27.0 175.0 
-27.0 175.0 
-27.0 175.0 
-27.0 175.0 
-27.0 175.0 
-24.0 180.0 
-24.0 180.0 
-24.0 180.0 
-24.0 180.0 
-24.0 180.0 
-24.0 180.0 
-24.0 180.0 
-21.0 182.0 
-21.0 182.0 
-21.0 182.0 
-21.0 182.0 
-21.0 182.0 
-21.0 182.0 
-21.0 182.0 
-18.0 178.0 
-18.0 178.0 
-18.0 178.0 
-18.0 178.0 
-18.0 178.0 
-18.0 178.0 
-18.0 178.0 
-25.0 170.0 
-25.0 170.0 
-25.0 170.0 
-25.0 170.0 
-25.0 170.0 
-25.0 170.0 
-25.0 170.0 
-32.0 167.0 
-32.0 167.0 
-32.0 167.0 
-32.0 167.0 
-32.0 167.0 
-32.0 167.0 
-32.0 167.0 
73.0 64.0 
75.0 65.0 
75.0 63.0 
77.0 62.0 
73.0 63.0 
75.0 63.0 
75.0 63.0 
116.0 56.0 
117.0 56.0 
117.0 58.0 
116.0 55.0 
118.0 57.0 
115.0 56.0 
116.0 56.0 
120.0 54.0 
121.0 55.0 
123.0 56.0 
121.0 56.0 
120.0 54.0 
122.0 54.0 
122.0 56.0 
124.0 53.0 
127.0 53.0 
127.0 55.0 
125.0 54.0 
125.0 54.0 
125.0 53.0 
127.0 53.0 
121.0 48.0 
122.0 48.0 
123.0 48.0 
121.0 48.0 
122.0 46.0 
123.0 50.0 
120.0 49.0 
126.0 47.0 
129.0 45.0 
129.0 46.0 
128.0 47.0 
127.0 46.0 
128.0 46.0 
129.0 48.0 
132.0 5.0 
135.0 3.0 
134.0 3.0 
133.0 2.0 
133.0 4.0 
131.0 4.0 
132.0 4.0 
139.0 6.0 
140.0 5.0 
140.0 4.0 
139.0 4.0 
137.0 4.0 
137.0 6.0 
139.0 6.0 
93.0 5.0 
92.0 5.0 
91.0 3.0 
92.0 4.0 
89.0 4.0 
91.0 4.0 
90.0 5.0 
57.0 -11.0 
58.0 -11.0 
60.0 -11.0 
60.0 -12.0 
57.0 -12.0 
61.0 -12.0 
59.0 -12.0 
84.0 -148.0 
87.0 -151.0 
87.0 -147.0 
84.0 -148.0 
86.0 -149.0 
87.0 -150.0 
85.0 -149.0 
104.0 -151.0 
101.0 -147.0 
103.0 -150.0 
106.0 -148.0 
102.0 -150.0 
99.0 -148.0 
103.0 -149.0 
110.0 -136.0 
112.0 -137.0 
110.0 -137.0 
113.0 -137.0 
114.0 -138.0 
113.0 -137.0 
115.0 -136.0 
118.0 -136.0 
117.0 -134.0 
116.0 -133.0 
122.0 -135.0 
121.0 -138.0 
121.0 -136.0 
122.0 -136.0 
121.0 -135.0 
121.0 -131.0 
121.0 -131.0 
121.0 -131.0 
121.0 -132.0 
122.0 -133.0 
121.0 -136.0 
133.0 -137.0 
131.0 -133.0 
133.0 -132.0 
134.0 -134.0 
132.0 -135.0 
134.0 -133.0 
132.0 -131.0 
152.0 -135.0 
153.0 -133.0 
155.0 -135.0 
155.0 -131.0 
156.0 -130.0 
155.0 -131.0 
154.0 -128.0 
158.0 -120.0 
158.0 -121.0 
157.0 -122.0 
159.0 -120.0 
158.0 -123.0 
160.0 -122.0 
157.0 -120.0 
155.0 -135.0 
156.0 -136.0 
157.0 -138.0 
156.0 -136.0 
155.0 -134.0 
154.0 -135.0 
155.0 -134.0 
145.0 -145.0 
146.0 -146.0 
147.0 -148.0 
146.0 -146.0 
145.0 -144.0 
144.0 -145.0 
145.0 -144.0 
135.0 -155.0 
136.0 -156.0 
137.0 -158.0 
136.0 -156.0 
135.0 -154.0 
134.0 -155.0 
135.0 -154.0
125.0 -145.0 
126.0 -146.0 
127.0 -148.0 
126.0 -146.0 
125.0 -144.0 
124.0 -145.0 
125.0 -144.0
105.0 -165.0 
106.0 -166.0 
107.0 -166.0 
106.0 -166.0 
105.0 -164.0 
104.0 -165.0 
105.0 -164.0
109.0 -165.0 
108.0 -166.0 
109.0 -166.0 
109.0 -166.0 
108.0 -164.0 
107.0 -165.0 
108.0 -164.0
95.0 -165.0 
96.0 -166.0 
97.0 -166.0 
96.0 -166.0 
95.0 -164.0 
94.0 -165.0 
95.0 -164.0
15.0 -185.0 
16.0 -186.0 
17.0 -186.0 
16.0 -186.0 
15.0 -184.0 
14.0 -185.0 
15.0 -184.0
-15.0 -195.0 
-16.0 -196.0 
-17.0 -196.0 
-16.0 -196.0 
-15.0 -194.0 
-14.0 -195.0 
-15.0 -194.0
-1.0 -205.0 
-1.0 -206.0 
-1.0 -206.0 
-1.0 -206.0 
-1.0 -204.0 
-1.0 -205.0 
-1.0 -204.0
