-117.0 -257.0 
-114.0 -253.0 
-112.0 -250.0 
-114.0 -249.0 
-114.0 -233.0 
-113.0 -233.0 
-111.0 -213.0 
-108.0 -210.0 
-105.0 -209.0 
-109.0 -205.0 
-113.0 -204.0 
-115.0 -201.0 
-119.0 -201.0 
-121.0 -201.0 
-124.0 -203.0 
-122.0 -201.0 
-121.0 -200.0 
-122.0 -199.0 
-123.0 -198.0 
-123.0 -196.0 
-126.0 -193.0 
-126.0 -191.0 
-122.0 -191.0 
-119.0 -188.0 
-116.0 -188.0 
-113.0 -188.0 
-108.0 -184.0 
-104.0 -181.0 
-105.0 -176.0 
-105.0 -175.0 
-103.0 -173.0 
-99.0 -176.0 
-97.0 -176.0 
-94.0 -173.0 
-89.0 -173.0 
-85.0 -171.0 
-82.0 -171.0 
-82.0 -174.0 
-79.0 -176.0 
-78.0 -176.0 
-72.0 -178.0 
-71.0 -178.0 
-72.0 -174.0 
-71.0 -172.0 
-79.0 -163.0 
-79.0 -157.0 
-81.0 -153.0 
-81.0 -150.0 
-78.0 -149.0 
-75.0 -146.0 
-70.0 -147.0 
-65.0 -147.0 
-63.0 -149.0 
-63.0 -141.0 
-62.0 -138.0 
-56.0 -138.0 
-52.0 -135.0 
-45.0 -134.0 
-37.0 -127.0 
-32.0 -127.0 
-27.0 -122.0 
-25.0 -118.0 
-26.0 -113.0 
-28.0 -108.0 
-29.0 -103.0 
-26.0 -97.0 
-26.0 -89.0 
-28.0 -81.0 
-30.0 -74.0 
-30.0 -70.0 
-34.0 -65.0 
-33.0 -60.0 
-30.0 -55.0 
-29.0 -51.0 
-28.0 -46.0 
-28.0 -41.0 
-28.0 -39.0 
-29.0 -35.0 
-28.0 -32.0 
-25.0 -31.0 
-26.0 -23.0 
-27.0 -20.0 
-29.0 -19.0 
-30.0 -17.0 
-31.0 -17.0 
-37.0 -8.0 
-39.0 -5.0 
-37.0 -5.0 
-34.0 -3.0 
-30.0 -1.0 
-30.0 2.0 
-33.0 2.0 
-36.0 4.0 
-39.0 6.0 
-40.0 6.0 
-40.0 10.0 
-45.0 12.0 
-48.0 14.0 
-48.0 17.0 
-53.0 17.0 
-54.0 20.0 
-58.0 25.0 
-58.0 33.0 
-58.0 34.0 
-60.0 35.0 
-64.0 41.0 
-65.0 46.0 
-67.0 44.0 
-71.0 47.0 
-73.0 50.0 
-76.0 54.0 
-79.0 57.0 
-83.0 59.0 
-84.0 66.0 
-85.0 70.0 
-88.0 72.0 
-89.0 76.0 
-94.0 76.0 
-98.0 82.0 
-102.0 88.0 
-99.0 91.0 
-99.0 94.0 
-105.0 97.0 
-113.0 98.0 
-122.0 106.0 
-128.0 112.0 
-137.0 117.0 
-134.0 119.0 
-130.0 123.0 
-131.0 128.0 
-126.0 130.0 
-120.0 129.0 
-115.0 128.0 
-113.0 133.0 
-110.0 133.0 
-108.0 138.0 
-105.0 142.0 
-106.0 143.0 
-109.0 146.0 
-111.0 147.0 
-113.0 149.0 
-113.0 153.0 
-116.0 153.0 
-119.0 153.0 
-120.0 154.0 
-121.0 157.0 
-119.0 158.0 
-117.0 159.0 
-115.0 161.0 
-115.0 162.0 
-117.0 163.0 
-121.0 168.0 
-126.0 173.0 
-128.0 172.0 
-131.0 171.0 
-133.0 170.0 
-138.0 168.0 
-138.0 165.0 
-140.0 162.0 
-147.0 169.0 
-152.0 167.0 
-154.0 170.0 
-158.0 171.0 
-159.0 177.0 
-162.0 180.0 
-164.0 185.0 
-164.0 188.0 
-163.0 191.0 
-165.0 192.0 
-161.0 194.0 
-163.0 200.0 
-165.0 204.0 
-170.0 201.0 
-171.0 206.0 
-175.0 210.0 
-174.0 218.0 
-184.0 223.0 
-185.0 226.0 
-180.0 227.0 
-174.0 236.0 
-169.0 235.0 
-164.0 230.0 
-159.0 227.0 
-156.0 230.0 
-152.0 234.0 
-151.0 238.0 
-148.0 238.0 
-145.0 232.0 
-142.0 238.0 
-137.0 233.0 
-135.0 230.0 
-131.0 227.0 
-130.0 234.0 
-125.0 238.0 
-121.0 233.0 
-113.0 238.0 
-110.0 238.0 
-105.0 242.0 
-107.0 246.0 
-106.0 249.0 
-104.0 252.0 
-96.0 253.0 
-92.0 257.0 
-91.0 257.0 
-87.0 252.0 
-84.0 249.0 
-81.0 245.0 
-75.0 240.0 
-71.0 243.0 
-66.0 242.0 
-63.0 239.0 
-60.0 239.0 
-57.0 240.0 
-49.0 236.0 
-51.0 233.0 
-50.0 230.0 
-56.0 226.0 
-56.0 221.0 
-53.0 219.0 
-52.0 212.0 
-50.0 209.0 
-44.0 208.0 
-41.0 205.0 
-41.0 204.0 
-41.0 202.0 
-38.0 199.0 
-35.0 199.0 
-34.0 199.0 
-34.0 196.0 
-29.0 196.0 
-27.0 194.0 
-19.0 197.0 
-12.0 192.0 
-12.0 190.0 
-15.0 188.0 
-16.0 190.0 
-18.0 191.0 
-20.0 188.0 
-24.0 185.0 
-25.0 185.0 
-29.0 184.0 
-27.0 182.0 
-26.0 181.0 
-29.0 178.0 
-34.0 177.0 
-36.0 175.0 
-38.0 173.0 
-39.0 173.0 
-42.0 173.0 
-47.0 171.0 
-46.0 169.0 
-49.0 169.0 
-50.0 168.0 
-50.0 163.0 
-52.0 162.0 
-55.0 159.0 
-54.0 158.0 
-56.0 154.0 
-54.0 149.0 
-57.0 148.0 
-61.0 148.0 
-63.0 144.0 
-68.0 140.0 
-70.0 138.0 
-73.0 138.0 
-75.0 133.0 
-75.0 130.0 
-78.0 127.0 
-78.0 123.0 
-78.0 122.0 
-79.0 119.0 
-79.0 117.0 
-79.0 113.0 
-82.0 111.0 
-82.0 108.0 
-83.0 108.0 
-84.0 106.0 
-83.0 104.0 
-80.0 97.0 
-80.0 95.0 
-79.0 90.0 
-75.0 86.0 
-72.0 83.0 
-69.0 79.0 
-63.0 75.0 
-60.0 74.0 
-60.0 71.0 
-58.0 68.0 
-60.0 65.0 
-60.0 63.0 
-58.0 60.0 
-56.0 56.0 
-54.0 52.0 
-51.0 49.0 
-45.0 42.0 
-41.0 37.0 
-40.0 35.0 
-37.0 31.0 
-33.0 28.0 
-31.0 25.0 
-25.0 21.0 
-22.0 20.0 
-19.0 17.0 
-16.0 14.0 
-11.0 12.0 
-8.0 8.0 
-7.0 7.0 
-7.0 7.0 
-4.0 4.0 
-3.0 -0.0 
1.0 -5.0 
2.0 -9.0 
7.0 -14.0 
8.0 -17.0 
8.0 -20.0 
11.0 -20.0 
13.0 -20.0 
15.0 -25.0 
15.0 -32.0 
19.0 -38.0 
21.0 -43.0 
20.0 -51.0 
22.0 -57.0 
25.0 -63.0 
26.0 -68.0 
26.0 -73.0 
25.0 -78.0 
27.0 -83.0 
27.0 -89.0 
27.0 -93.0 
28.0 -97.0 
29.0 -103.0 
31.0 -105.0 
33.0 -104.0 
31.0 -107.0 
31.0 -108.0 
31.0 -110.0 
31.0 -113.0 
28.0 -116.0 
28.0 -116.0 
30.0 -114.0 
30.0 -114.0 
26.0 -118.0 
26.0 -119.0 
28.0 -123.0 
27.0 -124.0 
26.0 -123.0 
26.0 -126.0 
25.0 -127.0 
24.0 -128.0 
27.0 -134.0 
26.0 -136.0 
27.0 -141.0 
25.0 -142.0 
24.0 -141.0 
22.0 -144.0 
24.0 -144.0 
24.0 -147.0 
24.0 -152.0 
21.0 -153.0 
20.0 -153.0 
18.0 -156.0 
18.0 -161.0 
16.0 -162.0 
14.0 -161.0 
12.0 -161.0 
10.0 -164.0 
9.0 -166.0 
6.0 -167.0 
4.0 -168.0 
3.0 -171.0 
1.0 -171.0 
0.0 -171.0 
-2.0 -172.0 
-2.0 -175.0 
-4.0 -175.0 
-8.0 -175.0 
-11.0 -175.0 
-11.0 -177.0 
-11.0 -180.0 
-13.0 -182.0 
-15.0 -182.0 
-19.0 -183.0 
-21.0 -186.0 
-24.0 -187.0 
-29.0 -190.0 
-32.0 -191.0 
-35.0 -192.0 
-37.0 -194.0 
-38.0 -194.0 
-40.0 -195.0 
-42.0 -195.0 
-42.0 -193.0 
-44.0 -190.0 
-44.0 -192.0 
-49.0 -192.0 
-50.0 -193.0 
-51.0 -192.0 
-51.0 -194.0 
-51.0 -197.0 
-49.0 -199.0 
-49.0 -205.0 
-51.0 -205.0 
-57.0 -207.0 
-57.0 -208.0 
-53.0 -211.0 
-53.0 -211.0 
-55.0 -213.0 
-61.0 -212.0 
-61.0 -211.0 
-60.0 -215.0 
-58.0 -219.0 
-59.0 -221.0 
-61.0 -224.0 
-66.0 -222.0 
-66.0 -223.0 
-70.0 -224.0 
-69.0 -228.0 
-71.0 -229.0 
-74.0 -231.0 
-80.0 -234.0 
-84.0 -234.0 
-90.0 -237.0 
-94.0 -240.0 
-94.0 -243.0 
-99.0 -246.0 
-98.0 -251.0 
-101.0 -251.0 
-104.0 -254.0 
-107.0 -255.0 
-110.0 -256.0 
-112.0 -256.0 
-115.0 -255.0 
-119.0 -254.0 
-114.0 -253.0 
-113.0 -250.0 